633195
609218
714073
941348
944818
1036897
1134099
1363567
1134652
974767
666555
619464
702309
618420
850401
896445
1008972
1036757
1193304
1448743
1194719
1038255
740947
678310
731709
650236
820052
1100404
1093831
1131065
1297590
1535983
1276215
1136688
807808
746252
811349
718805
956851
1135606
1167544
1216037
1417445
1654752
1418602
1232661
890011
810377
864053
789628
1089136
1090373
1272017
1276110
1450931
1706860
1410119
1216238
882048
802659
838173
733366
909270
1172591
1185992
1231894
1406818
1679238
1365271
1227915
911182
849172
866834
776544
968209
1044711
1216659
1305511
1520635
1817778
1513152
1368137
936038
875779
936983
787614
1034501
1324084
1391757
1432688
1633204
1873773
1616421
1420734
920427
867903
936072
837802
1036805
1315811
1357680
1453995
1656865
1893172
1651265
1435631
983506
892667
942894
837648
1069455
1316829
1480543
1537535
1729956
1998113
1729673
1530661
1054693
972939
1021792
899152
1140947
1499088
1607818
1694559
1868092
2170368
1885479
1669316
1166004
1068691
1152817
1030575
1304631
1633456
1765088
1900271
2053648
2345093
2057159
1873184
1324625
1182296
1267704
1198147
1466548
1756577
2024221
2113285
2344705
2623437
2350092
2220790
1607209
1458926
1543168
1431173
1711454
2252414
2346518
2507056
2715849
2972194
2705608
2490220
1816215
1642323
1714648
1564222
1945475
2382839
2576672
2660172
2833756
3098729
2832389
2669097
1914405
1734476